[gd_scene load_steps=10 format=2]

[ext_resource path="res://models/characters/Crash/Idle.anim" type="Animation" id=1]
[ext_resource path="res://models/characters/Crash/Fall.anim" type="Animation" id=2]
[ext_resource path="res://models/characters/Crash/Walk.anim" type="Animation" id=3]
[ext_resource path="res://models/characters/Crash/JumpTop.anim" type="Animation" id=4]
[ext_resource path="res://models/characters/Crash/ID73.mesh" type="ArrayMesh" id=5]
[ext_resource path="res://models/characters/Crash/FallGround.anim" type="Animation" id=6]
[ext_resource path="res://models/characters/Crash/Jump.anim" type="Animation" id=7]
[ext_resource path="res://models/characters/Crash/JumpFall.anim" type="Animation" id=8]

[sub_resource type="Skin" id=1]
bind_count = 43
bind/0/bone = 0
bind/0/pose = Transform( 1, 0, -2.38419e-07, 2.38419e-07, 0, 1, 0, -1, 0, 4.71407, -1.47004, 9.05458 )
bind/1/bone = 1
bind/1/pose = Transform( 1, 0, 0, 0, 1, 0, 0, 0, 1, 1.57079, -3.85517, -7.17887 )
bind/2/bone = 2
bind/2/pose = Transform( 1, 0, 0, 0, 1, 0, 0, 0, 1, 3.9783, 0.123348, 0.800812 )
bind/3/bone = 3
bind/3/pose = Transform( 1, 0, 0, 0, 1, 0, 0, 0, 1, 3.66863, -1.30512, 3.86921 )
bind/4/bone = 4
bind/4/pose = Transform( 0.13762, 0.377415, -0.915761, -0.976153, 0.208391, -0.0608114, 0.167886, 0.902292, 0.397093, -0.139304, -3.90643, 1.09719 )
bind/5/bone = 5
bind/5/pose = Transform( 1, 0, 0, 0, 1, 0, 0, 0, 1, 2.39475, 3.3121, 0.0267697 )
bind/6/bone = 6
bind/6/pose = Transform( -0.89478, -0.000478856, -0.446507, -0.050567, 0.993675, 0.100268, 0.443634, 0.112297, -0.889144, -2.15631, 3.17274, 1.41053 )
bind/7/bone = 7
bind/7/pose = Transform( -1, 0, 0, 0, 1, 0, 0, 0, -1, -2.33157, 1.35773, 1.618 )
bind/8/bone = 8
bind/8/pose = Transform( 1, 0, 0, 0, 1, 0, 0, 0, 1, -0.846384, 0.123348, 0.800812 )
bind/9/bone = 9
bind/9/pose = Transform( 1, 0, 0, 0, 1, 0, 0, 0, 1, -0.536716, -1.30512, 3.86921 )
bind/10/bone = 10
bind/10/pose = Transform( 0.0698295, -0.159802, 0.984676, 0.916334, 0.400415, -7.45058e-08, -0.394279, 0.902292, 0.174393, 0.709727, -0.72618, 0.584662 )
bind/11/bone = 11
bind/11/pose = Transform( 1, 0, 0, 0, 0.186543, 0.982447, 0, -0.982447, 0.186543, 1.57079, 5.85584e-08, 1.11188e-08 )
bind/12/bone = 12
bind/12/pose = Transform( -1, -3.10539e-08, 3.88174e-07, -3.89414e-07, 0.0797452, -0.996815, 1.77636e-14, -0.996815, -0.0797452, -1.57079, -0.269017, 0.981673 )
bind/13/bone = 13
bind/13/pose = Transform( -1, 2.50069e-07, -5.05821e-07, 5.6426e-07, 0.44318, -0.896432, 5.68434e-14, -0.896432, -0.44318, -1.57079, -1.25459, 2.42086 )
bind/14/bone = 14
bind/14/pose = Transform( -0.875262, -0.483647, 1.3262e-06, 0.11931, -0.215913, 0.969095, -0.468701, 0.848213, 0.246685, 1.10098, 0.916375, -2.70233 )
bind/15/bone = 15
bind/15/pose = Transform( 0.0115662, -0.0533533, 0.998508, 0.977299, 0.211862, 4.47034e-07, -0.211547, 0.975841, 0.0545928, 0.783247, -0.801037, -1.12069 )
bind/16/bone = 16
bind/16/pose = Transform( 0.764656, -0.644438, 2.8417e-07, 4.79145e-07, 1.07723e-06, 1, -0.644438, -0.764656, 1.12462e-06, 3.12243, -0.207647, 2.49523 )
bind/17/bone = 17
bind/17/pose = Transform( -2.93863e-07, 2.44854e-07, 1, -0.599041, 0.800718, -3.31638e-07, -0.800718, -0.599041, -8.42142e-08, -0.207644, -3.73544, 2.28162 )
bind/18/bone = 18
bind/18/pose = Transform( -0.875261, 0.483647, -1.13994e-06, -0.11931, -0.215913, 0.969095, 0.468701, 0.848213, 0.246685, -3.84223, 0.542705, -1.23439 )
bind/19/bone = 19
bind/19/pose = Transform( 0.0115662, 0.0533533, -0.998508, -0.977298, 0.211862, 4.78699e-07, 0.211547, 0.975841, 0.054593, -0.747023, -3.86186, -0.458142 )
bind/20/bone = 20
bind/20/pose = Transform( 0.764656, 0.644438, -3.30999e-07, -4.14362e-07, 1.09285e-06, 1, 0.644438, -0.764656, 1.08516e-06, -0.727585, -0.207649, 4.51356 )
bind/21/bone = 21
bind/21/pose = Transform( -3.26232e-07, -2.91776e-07, -1, 0.599041, 0.800718, -3.69567e-07, 0.800718, -0.599041, -8.63364e-08, 0.207643, -1.85929, 4.78941 )
bind/22/bone = 22
bind/22/pose = Transform( 1, 5.28046e-07, 1.15181e-07, 5.40462e-07, -0.977053, -0.212996, 6.59739e-11, 0.212996, -0.977053, 1.57675, 3.39703, 0.712978 )
bind/23/bone = 23
bind/23/pose = Transform( -1, 1.74428e-06, -2.0521e-07, 1.75631e-06, 0.99315, -0.116841, 2.55795e-13, -0.116841, -0.99315, -1.57676, -2.61803, 2.83009 )
bind/24/bone = 24
bind/24/pose = Transform( 1, 2.55922e-09, -6.2975e-08, 6.2975e-08, 5.96046e-08, 1, 2.55925e-09, -1, 5.96046e-08, 1.9698, -1.74849, 3.70562 )
bind/25/bone = 25
bind/25/pose = Transform( 1, -9.68902e-09, -6.58373e-08, 6.58374e-08, 2.98023e-08, 1, -9.68889e-09, -1, 6.37891e-16, 2.10345, -1.41956, 4.29465 )
bind/26/bone = 26
bind/26/pose = Transform( 1, -3.90298e-10, -6.36644e-08, 6.36644e-08, 8.94069e-08, 1, -3.90169e-10, -1, 2.98023e-08, 1.61038, -0.855869, 1.94398 )
bind/27/bone = 27
bind/27/pose = Transform( 1, -1.20559e-08, -6.63905e-08, 6.63904e-08, -1.78814e-07, 1, -1.20559e-08, -1, -1.78814e-07, 1.18264, -1.74849, 3.69734 )
bind/28/bone = 28
bind/28/pose = Transform( 1, -2.24421e-08, -6.88175e-08, 6.88176e-08, -1.54441e-15, 1, -2.24421e-08, -1, -1.19209e-07, 1.25053, -1.02189, 1.59337 )
bind/29/bone = 29
bind/29/pose = Transform( 1, -3.43397e-08, -7.1598e-08, 7.1598e-08, 8.94069e-08, 1, -3.43397e-08, -1, 5.96046e-08, 0.84954, -1.47004, 4.23272 )
bind/30/bone = 30
bind/30/pose = Transform( -0.908958, -0.416724, -0.0116963, -0.125311, 0.246353, 0.961045, -0.397609, 0.875015, -0.276144, -1.28803, -0.19757, -0.271765 )
bind/31/bone = 31
bind/31/pose = Transform( 0.999472, 0.0285113, 0.0155827, 0.00838873, 0.236901, -0.971497, -0.0313902, 0.971115, 0.236537, 0.831631, 0.764818, 1.18713 )
bind/32/bone = 32
bind/32/pose = Transform( -0.908959, 0.416724, 0.0116965, 0.125311, 0.246352, 0.961045, 0.39761, 0.875015, -0.276144, -1.55876, 0.194894, 0.973516 )
bind/33/bone = 33
bind/33/pose = Transform( 0.999473, -0.0285114, -0.0155828, -0.00838929, 0.236901, -0.971498, 0.0313901, 0.971115, 0.236537, 2.29864, 0.738544, 1.28544 )
bind/34/bone = 34
bind/34/pose = Transform( 1, 0, 0, 0, 1, 1.78814e-07, 0, -2.23517e-07, 1, 1.57079, -4.26242, -0.707719 )
bind/35/bone = 35
bind/35/pose = Transform( 1, 0, -2.38419e-07, 2.38419e-07, 0, 1, 2.84217e-14, -1, 1.19209e-07, 4.77381, -1.52657, 5.96868 )
bind/36/bone = 36
bind/36/pose = Transform( 1, 0, 0, 0, 0, 1, 0, -1, 0, 4.35631, -1.48287, 7.70341 )
bind/37/bone = 37
bind/37/pose = Transform( 1, 0, 0, 0, 0, 1, 0, -1, 0, 5.07831, -1.36056, 5.95037 )
bind/38/bone = 38
bind/38/pose = Transform( 1, 0, 0, 0, 1, 0, 0, 0, 1, 0.737171, 3.3121, 0.0267697 )
bind/39/bone = 39
bind/39/pose = Transform( -0.89478, 0.000478923, 0.446506, 0.0505669, 0.993674, 0.100268, -0.443634, 0.112297, -0.889144, -0.646067, 3.33111, 0.021102 )
bind/40/bone = 40
bind/40/pose = Transform( -1, 0, 0, 0, 1, 0, 0, 0, -1, -0.800344, 1.35773, 1.618 )
bind/41/bone = 41
bind/41/pose = Transform( 1, 0, 0, 0, 0, 1, 0, -1, 0, 5.21548, -1.42116, 8.95836 )
bind/42/bone = 42
bind/42/pose = Transform( 1, 0, 0, 0, 0, 1, 0, -1, 0, 5.61333, -1.49615, 7.69325 )

[node name="Crash" type="Spatial"]

[node name="Armature" type="Spatial" parent="."]
transform = Transform( 0.219497, 0, 0, 0, 0.219497, 0, 0, 0, 0.219497, 0.3564, 0.828338, 0.104513 )

[node name="Skeleton" type="Skeleton" parent="Armature"]
bones/0/name = "BrowL.Control"
bones/0/parent = -1
bones/0/rest = Transform( 1, 2.38419e-07, 0, 0, 0, -1, -2.38419e-07, 1, 0, -4.71407, 9.05458, 1.47004 )
bones/0/enabled = true
bones/0/bound_children = [  ]
bones/1/name = "Base.Pole"
bones/1/parent = -1
bones/1/rest = Transform( 1, 0, 0, 0, 1, 0, 0, 0, 1, -1.57079, 3.85517, 7.17887 )
bones/1/enabled = true
bones/1/bound_children = [  ]
bones/2/name = "Arm.Control.R"
bones/2/parent = -1
bones/2/rest = Transform( 1, 0, 0, 0, 1, 0, 0, 0, 1, -3.9783, -0.123348, -0.800812 )
bones/2/enabled = true
bones/2/bound_children = [  ]
bones/3/name = "Arm.Pole.R"
bones/3/parent = 2
bones/3/rest = Transform( 1, 0, 0, 0, 1, 0, 0, 0, 1, 0.309667, 1.42847, -3.06839 )
bones/3/enabled = true
bones/3/bound_children = [  ]
bones/4/name = "Hand.R"
bones/4/parent = 2
bones/4/rest = Transform( 0.13762, -0.976153, 0.167886, 0.377414, 0.208391, 0.902292, -0.915761, -0.0608113, 0.397093, -2.38419e-07, -4.76837e-07, 0 )
bones/4/enabled = true
bones/4/bound_children = [  ]
bones/5/name = "Feet.Control.R"
bones/5/parent = -1
bones/5/rest = Transform( 1, 0, 0, 0, 1, 0, 0, 0, 1, -2.39475, -3.3121, -0.0267697 )
bones/5/enabled = true
bones/5/bound_children = [  ]
bones/6/name = "Feet.R"
bones/6/parent = 5
bones/6/rest = Transform( -0.89478, -0.050567, 0.443634, -0.00047887, 0.993675, 0.112297, -0.446507, 0.100268, -0.889145, 0, 0, 8.9407e-08 )
bones/6/enabled = true
bones/6/bound_children = [  ]
bones/7/name = "Knee.Target.R"
bones/7/parent = 5
bones/7/rest = Transform( -1, 0, 0, 0, 1, 0, 0, 0, -1, 0.0631733, 1.95437, 1.64477 )
bones/7/enabled = true
bones/7/bound_children = [  ]
bones/8/name = "Arm.Control.L"
bones/8/parent = -1
bones/8/rest = Transform( 1, 0, 0, 0, 1, 0, 0, 0, 1, 0.846384, -0.123348, -0.800812 )
bones/8/enabled = true
bones/8/bound_children = [  ]
bones/9/name = "Arm.Pole.L"
bones/9/parent = 8
bones/9/rest = Transform( 1, 0, 0, 0, 1, 0, 0, 0, 1, -0.309667, 1.42847, -3.06839 )
bones/9/enabled = true
bones/9/bound_children = [  ]
bones/10/name = "Hand.L"
bones/10/parent = 8
bones/10/rest = Transform( 0.0698295, 0.916334, -0.394279, -0.159802, 0.400415, 0.902292, 0.984676, -1.26354e-07, 0.174393, -4.76837e-07, 2.38419e-07, 0 )
bones/10/enabled = true
bones/10/bound_children = [  ]
bones/11/name = "Base"
bones/11/parent = -1
bones/11/rest = Transform( 1, 0, 0, 0, 0.186543, -0.982447, 0, 0.982447, 0.186543, -1.57079, 0, -5.96046e-08 )
bones/11/enabled = true
bones/11/bound_children = [  ]
bones/12/name = "Base.Middle"
bones/12/parent = 11
bones/12/rest = Transform( -1, -3.89414e-07, 0, 3.75568e-07, -0.964442, -0.264294, 1.0292e-07, -0.264294, 0.964442, 0, -7.55521e-08, -1.01787 )
bones/12/enabled = true
bones/12/bound_children = [  ]
bones/13/name = "Head"
bones/13/parent = 12
bones/13/rest = Transform( 1, -9.25994e-07, -1.44193e-07, 9.13566e-07, 0.928919, 0.370283, -2.08936e-07, -0.370283, 0.928919, 0, 0, -1.73166 )
bones/13/enabled = true
bones/13/bound_children = [  ]
bones/14/name = "Shoulder.L"
bones/14/parent = 13
bones/14/rest = Transform( 0.875263, -0.11931, 0.468701, -0.214346, -0.964418, 0.154775, 0.433558, -0.235932, -0.869692, -1.15853, 0.283418, -0.190476 )
bones/14/enabled = true
bones/14/bound_children = [  ]
bones/15/name = "Arm.L"
bones/15/parent = 14
bones/15/rest = Transform( 0.0156826, -0.957861, -0.286805, 0.98055, 0.0708579, -0.183031, 0.195641, -0.278356, 0.940342, -8.34465e-07, -1.78814e-07, -2.0247 )
bones/15/enabled = true
bones/15/bound_children = [  ]
bones/16/name = "OrelhaBase.L"
bones/16/parent = 13
bones/16/rest = Transform( -0.764656, -1.01328e-06, 0.644438, -0.285602, -0.896432, -0.338882, 0.577695, -0.443181, 0.685462, -0.791229, 0.296623, -1.18537 )
bones/16/enabled = true
bones/16/bound_children = [  ]
bones/17/name = "Orelha.L"
bones/17/parent = 16
bones/17/rest = Transform( -5.79209e-08, -0.974074, -0.226229, 1, 2.03433e-07, -1.11759e-06, 1.13163e-06, -0.226229, 0.974074, 0, -2.98023e-08, -0.572308 )
bones/17/enabled = true
bones/17/bound_children = [  ]
bones/18/name = "Shoulder.R"
bones/18/parent = 13
bones/18/rest = Transform( 0.875264, 0.119309, -0.468701, 0.214345, -0.964418, 0.154775, -0.433558, -0.235932, -0.869692, 1.14886, 0.283416, -0.190475 )
bones/18/enabled = true
bones/18/bound_children = [  ]
bones/19/name = "Arm.R"
bones/19/parent = 18
bones/19/rest = Transform( 0.0156825, 0.957861, 0.286805, -0.98055, 0.0708578, -0.183031, -0.195641, -0.278356, 0.940342, 9.53674e-07, -2.38419e-07, -2.0247 )
bones/19/enabled = true
bones/19/bound_children = [  ]
bones/20/name = "OrelhaBase.R"
bones/20/parent = 13
bones/20/rest = Transform( -0.764656, -5.96047e-08, -0.644439, 0.285603, -0.896432, -0.338881, -0.577695, -0.443181, 0.685462, 0.781564, 0.296623, -1.18537 )
bones/20/enabled = true
bones/20/bound_children = [  ]
bones/21/name = "Orelha.R"
bones/21/parent = 20
bones/21/rest = Transform( -4.85182e-08, 0.974074, 0.226229, -1, 1.97788e-07, -1.07288e-06, -1.08565e-06, -0.226229, 0.974074, 4.76837e-07, -8.9407e-08, -0.572308 )
bones/21/enabled = true
bones/21/bound_children = [  ]
bones/22/name = "Fucinho.Base"
bones/22/parent = 13
bones/22/rest = Transform( -1, -6.77054e-07, 5.47412e-07, 6.95027e-07, -0.242074, 0.970258, -5.24403e-07, 0.970258, 0.242074, 0.00596178, -1.12404, -1.04774 )
bones/22/enabled = true
bones/22/bound_children = [  ]
bones/23/name = "Fucinho.Ponta"
bones/23/parent = 22
bones/23/rest = Transform( -1, 2.26728e-06, -1.76089e-07, -2.20101e-06, -0.945474, 0.325697, 5.71961e-07, 0.325697, 0.945474, 0, -1.19209e-06, -1.11011 )
bones/23/enabled = true
bones/23/bound_children = [  ]
bones/24/name = "EyeR"
bones/24/parent = 13
bones/24/rest = Transform( -1, -5.68796e-07, -2.52628e-07, 6.21847e-07, -0.896433, -0.44318, 2.56151e-08, -0.44318, 0.896432, 0.399004, -1.17975, -1.67588 )
bones/24/enabled = true
bones/24/bound_children = [  ]
bones/25/name = "BrowR"
bones/25/parent = 13
bones/25/rest = Transform( -1, -5.71658e-07, -2.4038e-07, 6.18985e-07, -0.896433, -0.44318, 3.78633e-08, -0.44318, 0.896433, 0.532652, -0.623832, -2.05813 )
bones/25/enabled = true
bones/25/bound_children = [  ]
bones/26/name = "Teeth"
bones/26/parent = 13
bones/26/rest = Transform( -1, -5.69485e-07, -2.49678e-07, 6.21158e-07, -0.896432, -0.44318, 2.85646e-08, -0.44318, 0.896433, 0.0395827, -1.16029, 0.298908 )
bones/26/enabled = true
bones/26/bound_children = [  ]
bones/27/name = "EyeL"
bones/27/parent = 13
bones/27/rest = Transform( -1, -5.72211e-07, -2.38013e-07, 6.18431e-07, -0.896433, -0.44318, 4.02303e-08, -0.44318, 0.896433, -0.388154, -1.18341, -1.66846 )
bones/27/enabled = true
bones/27/bound_children = [  ]
bones/28/name = "Lips"
bones/28/parent = 13
bones/28/rest = Transform( -1, -5.74638e-07, -2.27627e-07, 6.16004e-07, -0.896433, -0.44318, 5.06165e-08, -0.44318, 0.896433, -0.320261, -1.4645, 0.539631 )
bones/28/enabled = true
bones/28/bound_children = [  ]
bones/29/name = "BrowL"
bones/29/parent = 13
bones/29/rest = Transform( -1, -5.77419e-07, -2.15729e-07, 6.13224e-07, -0.896433, -0.44318, 6.25141e-08, -0.44318, 0.896432, -0.721253, -0.69653, -2.02498 )
bones/29/enabled = true
bones/29/bound_children = [  ]
bones/30/name = "Shirt.L"
bones/30/parent = 11
bones/30/rest = Transform( -0.908957, -0.12531, -0.397609, -0.0892282, 0.990131, -0.108069, 0.407227, -0.062752, -0.911168, 0.267219, 0.0513224, 0.264498 )
bones/30/enabled = true
bones/30/bound_children = [  ]
bones/31/name = "Leg.L"
bones/31/parent = 30
bones/31/rest = Transform( -0.920542, -0.0949842, -0.378921, -0.103245, -0.876343, 0.470493, -0.376755, 0.47223, 0.796904, 2.38419e-07, -1.93715e-07, -1.26564 )
bones/31/enabled = true
bones/31/bound_children = [  ]
bones/32/name = "Shirt.R"
bones/32/parent = 11
bones/32/rest = Transform( -0.908957, 0.12531, 0.397609, 0.0892286, 0.990131, -0.108069, -0.407227, -0.0627519, -0.911169, -0.257552, 0.0513222, 0.264498 )
bones/32/enabled = true
bones/32/bound_children = [  ]
bones/33/name = "Leg.R"
bones/33/parent = 32
bones/33/rest = Transform( -0.920541, 0.0949842, 0.378922, 0.103245, -0.876343, 0.470493, 0.376755, 0.47223, 0.796903, -2.38419e-07, 1.04308e-07, -1.26564 )
bones/33/enabled = true
bones/33/bound_children = [  ]
bones/34/name = "Head.Control"
bones/34/parent = 11
bones/34/rest = Transform( 1, 0, 0, 0, 0.186543, 0.982447, 0, -0.982447, 0.186543, 0, 1.49042, -4.05558 )
bones/34/enabled = true
bones/34/bound_children = [  ]
bones/35/name = "Lips.Control"
bones/35/parent = -1
bones/35/rest = Transform( 1, 2.38419e-07, 0, 2.61178e-21, 1.19209e-07, -1, -2.38419e-07, 1, 0, -4.77381, 5.96868, 1.52657 )
bones/35/enabled = true
bones/35/bound_children = [  ]
bones/36/name = "EyeL.Control"
bones/36/parent = -1
bones/36/rest = Transform( 1, 0, 0, 0, 0, -1, 0, 1, 0, -4.35631, 7.70341, 1.48287 )
bones/36/enabled = true
bones/36/bound_children = [  ]
bones/37/name = "Teeth.Control"
bones/37/parent = -1
bones/37/rest = Transform( 1, 0, 0, 0, 0, -1, 0, 1, 0, -5.07831, 5.95037, 1.36056 )
bones/37/enabled = true
bones/37/bound_children = [  ]
bones/38/name = "Feet.Control.L"
bones/38/parent = -1
bones/38/rest = Transform( 1, 0, 0, 0, 1, 0, 0, 0, 1, -0.737171, -3.3121, -0.0267697 )
bones/38/enabled = true
bones/38/bound_children = [  ]
bones/39/name = "Feet.L"
bones/39/parent = 38
bones/39/rest = Transform( -0.894781, 0.050567, -0.443634, 0.00047883, 0.993675, 0.112297, 0.446507, 0.100268, -0.889145, 1.78814e-07, 0, 8.9407e-08 )
bones/39/enabled = true
bones/39/bound_children = [  ]
bones/40/name = "Knee.Target.L"
bones/40/parent = 38
bones/40/rest = Transform( -1, 0, 0, 0, 1, 0, 0, 0, -1, -0.0631728, 1.95437, 1.64477 )
bones/40/enabled = true
bones/40/bound_children = [  ]
bones/41/name = "BrowR.Control"
bones/41/parent = -1
bones/41/rest = Transform( 1, 0, 0, 0, 0, -1, 0, 1, 0, -5.21548, 8.95836, 1.42116 )
bones/41/enabled = true
bones/41/bound_children = [  ]
bones/42/name = "EyeR.Control"
bones/42/parent = -1
bones/42/rest = Transform( 1, 0, 0, 0, 0, -1, 0, 1, 0, -5.61333, 7.69325, 1.49615 )
bones/42/enabled = true
bones/42/bound_children = [  ]

[node name="Crash" type="MeshInstance" parent="Armature/Skeleton"]
mesh = ExtResource( 5 )
skin = SubResource( 1 )
material/0 = null
material/1 = null
material/2 = null

[node name="AnimationPlayer" type="AnimationPlayer" parent="."]
anims/Fall = ExtResource( 2 )
anims/FallGround = ExtResource( 6 )
anims/Idle = ExtResource( 1 )
anims/Jump = ExtResource( 7 )
anims/JumpFall = ExtResource( 8 )
anims/JumpTop = ExtResource( 4 )
anims/Walk = ExtResource( 3 )
